DSC00613.svg,230,340,1594,1192
DSC00610.svg,200,130,1593,1193
DSC00652.svg,415,65,1593,1194
DSC00627.svg,385,225,1595,1194
DSC00695.svg,395,320,1596,1196
DSC00598.svg,450,125,1595,1194
DSC00500.svg,440,25,1595,1195
DSC00732.svg,490,285,1596,1196
DSC00728.svg,480,290,1594,1195
DSC00690.svg,290,315,1595,1183
DSC00501.svg,450,65,1595,1196
DSC00525.svg,300,50,1595,1195
DSC00697.svg,435,95,1591,1195
DSC00692.svg,485,15,1594,1193
DSC00696.svg,555,325,1596,1195
DSC00623.svg,580,125,1593,1195
DSC00527.svg,550,225,1596,1195
DSC00515.svg,560,185,1594,1195
DSC00684.svg,605,130,1593,1194
DSC00726.svg,545,95,1595,1191
DSC00675.svg,545,190,1593,1194
DSC00720.svg,590,250,1595,1196
DSC00703.svg,320,320,1594,1190
DSC00595.svg,605,15,1594,1194
DSC00637.svg,630,15,1595,1194
DSC00638.svg,590,250,1592,1196
DSC00725.svg,460,100,1594,1180
DSC00526.svg,605,150,1595,1187
DSC00716.svg,625,265,1595,1194
DSC00594.svg,580,315,1593,1194
DSC00524.svg,510,315,1595,1196
DSC00727.svg,505,15,1595,1195
DSC00647.svg,495,130,1592,1193
DSC00628.svg,445,165,1595,1194
DSC00668.svg,285,320,1593,1190
DSC00548.svg,430,245,1594,1194
DSC00505.svg,330,290,1590,1194
DSC00646.svg,375,0,1592,1194
DSC00639.svg,490,210,1595,1195
DSC00693.svg,480,200,1594,1195
DSC00636.svg,560,70,1595,1195
DSC00513.svg,555,165,1594,1195
DSC00683.svg,600,270,1591,1192
DSC00654.svg,470,35,1594,1193
