DSC00503.JPG,141,226,512,682
DSC00624.JPG,200,440,512,682
DSC00610.JPG,240,440,512,682
DSC00723.JPG,200,440,512,682
DSC00531.JPG,160,400,512,682
DSC00545.JPG,120,360,512,682
DSC00657.JPG,280,240,512,682
DSC00524.JPG,200,240,512,682
DSC00523.JPG,280,440,512,682
DSC00577.JPG,80,40,512,682
DSC00576.JPG,0,240,512,682
DSC00613.JPG,280,280,512,682
DSC00705.JPG,280,440,512,682
DSC00680.JPG,240,200,512,682
DSC00535.JPG,280,200,512,682
DSC00540.JPG,280,440,512,682
DSC00662.JPG,240,0,512,682
DSC00659.JPG,280,240,512,682
DSC00629.JPG,280,360,512,682
DSC00653.JPG,280,440,512,682
DSC00644.JPG,280,240,512,682
DSC00661.JPG,280,400,512,682
DSC00648.JPG,280,440,512,682
DSC00704.JPG,280,200,512,682
DSC00710.JPG,280,0,512,682
DSC00676.JPG,120,0,512,682
DSC00670.JPG,280,440,512,682
DSC00563.JPG,280,440,512,682
DSC00699.JPG,280,0,512,682
DSC00639.JPG,200,440,512,682
DSC00547.JPG,240,440,512,682
DSC00556.JPG,280,400,512,682
DSC00715.JPG,200,320,512,682
DSC00640.JPG,280,240,512,682
DSC00647.JPG,240,240,512,682
DSC00506.JPG,280,40,512,682
DSC00646.JPG,280,0,512,682
DSC00718.JPG,280,200,512,682
DSC00560.JPG,280,200,512,682
DSC00507.JPG,280,160,512,682
DSC00672.JPG,280,320,512,682
DSC00677.JPG,280,240,512,682
DSC00536.JPG,280,120,512,682
DSC00544.JPG,240,240,512,682
DSC00663.JPG,280,80,512,682
DSC00539.JPG,240,320,512,682
DSC00533.JPG,280,0,512,682
DSC00645.JPG,240,80,512,682
DSC00649.JPG,160,240,512,682
DSC00516.JPG,280,440,512,682
DSC00635.JPG,280,200,512,682
DSC00559.JPG,240,400,512,682
DSC00700.JPG,0,0,512,682
DSC00701.JPG,280,440,512,682
DSC00615.JPG,280,320,512,682
DSC00690.JPG,240,320,512,682
DSC00508.JPG,200,200,512,682
DSC00689.JPG,120,280,512,682
DSC00518.JPG,280,120,512,682
DSC00581.JPG,40,160,512,682
DSC00580.JPG,280,0,512,682
DSC00722.JPG,200,0,512,682
DSC00695.JPG,40,40,512,682
DSC00726.JPG,0,360,512,682
DSC00501.JPG,160,280,512,682
DSC00696.JPG,40,80,512,682
DSC00513.JPG,200,160,512,682
DSC00527.JPG,120,0,512,682
DSC00553.JPG,200,240,512,682
DSC00530.JPG,240,160,512,682
DSC00636.JPG,240,360,512,682
DSC00654.JPG,280,200,512,682
DSC00566.JPG,280,320,512,682
DSC00667.JPG,160,80,512,682
DSC00706.JPG,280,320,512,682
DSC00681.JPG,120,0,512,682
DSC00682.JPG,280,400,512,682
DSC00717.JPG,200,200,512,682
DSC00631.JPG,280,320,512,682
DSC00541.JPG,160,360,512,682
DSC00542.JPG,0,400,512,682
DSC00555.JPG,200,240,512,682
DSC00554.JPG,280,200,512,682
DSC00713.JPG,0,400,512,682
DSC00572.JPG,120,160,512,682
DSC00571.JPG,80,440,512,682
DSC00686.JPG,0,440,512,682
DSC00598.JPG,160,160,512,682
DSC00584.JPG,40,0,512,682
DSC00683.JPG,160,320,512,682
DSC00515.JPG,240,240,512,682
DSC00721.JPG,240,0,512,682
DSC00627.JPG,160,80,512,682
DSC00637.JPG,80,160,512,682
DSC00666.JPG,200,200,512,682
DSC00632.JPG,120,0,512,682
DSC00638.JPG,80,40,512,682
DSC00688.JPG,200,80,512,682
DSC00634.JPG,240,440,512,2327
DSC00641.JPG,240,0,512,682
DSC00622.JPG,120,200,512,682
DSC00623.JPG,80,240,512,682
DSC00570.JPG,0,440,512,682
DSC00724.JPG,200,440,512,682
DSC00697.JPG,40,160,512,682
DSC00526.JPG,0,120,512,682
DSC00691.JPG,0,0,512,682
DSC00568.JPG,120,280,512,682
DSC00720.JPG,160,400,512,682
DSC00719.JPG,120,280,512,682
DSC00716.JPG,280,400,512,682
DSC00709.JPG,280,280,512,682
DSC00707.JPG,200,40,512,682
DSC00708.JPG,280,0,512,682
DSC00692.JPG,240,40,512,682
DSC00532.JPG,120,240,512,682
DSC00591.JPG,200,360,512,682
DSC00626.JPG,160,440,512,682
DSC00561.JPG,280,200,512,682
DSC00534.JPG,200,320,512,682
DSC00630.JPG,200,320,512,682
DSC00600.JPG,240,280,512,682
DSC00603.JPG,40,120,512,682
DSC00606.JPG,40,160,512,682
DSC00607.JPG,40,320,512,682
DSC00594.JPG,0,360,512,682
DSC00614.JPG,40,280,512,682
DSC00595.JPG,40,240,512,682
DSC00596.JPG,120,280,512,682
DSC00562.JPG,40,200,512,682
DSC00558.JPG,0,120,512,682
DSC00586.JPG,120,280,512,682
DSC00665.JPG,80,280,512,682
DSC00674.JPG,200,440,512,682
DSC00714.JPG,280,280,512,682
DSC00702.JPG,0,440,512,682
DSC00732.JPG,40,280,512,682
DSC00728.JPG,120,120,512,682
DSC00727.JPG,40,200,512,682
DSC00548.JPG,80,200,512,682
DSC00725.JPG,40,400,512,682
DSC00528.JPG,0,280,512,682
DSC00693.JPG,0,280,512,682
DSC00712.JPG,80,440,512,682
DSC00550.JPG,141,226,512,682
DSC00549.JPG,120,40,512,682
DSC00517.JPG,200,240,512,682
DSC00731.JPG,280,240,512,682
DSC00574.JPG,280,320,512,682
DSC00675.JPG,160,160,512,682
DSC00656.JPG,280,240,512,682
DSC00658.JPG,160,200,512,682
DSC00505.JPG,160,160,512,682
DSC00664.JPG,240,120,512,682
DSC00514.JPG,200,240,512,682
DSC00611.JPG,0,320,512,682
DSC00499.JPG,40,400,512,682
DSC00538.JPG,120,440,512,682
DSC00703.JPG,120,0,512,682
DSC00525.JPG,160,40,512,682
DSC00684.JPG,0,320,512,682
DSC00612.JPG,240,440,512,682
DSC00519.JPG,280,400,512,682
DSC00669.JPG,280,0,512,682
DSC00668.JPG,240,440,512,682
DSC00655.JPG,120,0,512,682
DSC00500.JPG,120,0,512,682
DSC00673.JPG,160,80,512,682
DSC00652.JPG,200,160,512,682
DSC00546.JPG,0,40,512,682
DSC00685.JPG,40,120,512,682
DSC00608.JPG,240,160,512,682
DSC00569.JPG,120,360,512,682
DSC00565.JPG,40,160,512,682
DSC00687.JPG,0,360,512,682
DSC00620.JPG,160,160,512,682
DSC00573.JPG,40,0,512,682
DSC00537.JPG,200,160,512,682
DSC00609.JPG,240,320,512,682
DSC00543.JPG,280,160,512,682
DSC00552.JPG,120,160,512,682
DSC00694.JPG,141,226,512,682
DSC00711.JPG,141,226,512,682
DSC00590.JPG,141,226,512,682
DSC00628.JPG,0,440,512,682
DSC00618.JPG,0,400,512,682
DSC00521.JPG,40,440,512,682
DSC00589.JPG,160,440,512,682
DSC00567.JPG,280,360,512,682
DSC00651.JPG,141,226,512,682
DSC00729.JPG,40,320,512,682
